-1 1 1 -0.57732844 0.57736117 0.57736117 
1 -1 1 0.57732844 -0.57736117 0.57736117 
1 1 1 0.5773721 0.57733935 0.57733935 
-1 -1 -1 -0.57732844 -0.57736117 -0.57736117 
1 -1 -1 0.5773721 -0.57733935 -0.57733935 
-1 -1 1 -0.5773721 -0.57733935 0.57733935 
-1 1 -1 -0.5773721 0.57733935 -0.57733935 
-1 -1 -1 -0.57732844 -0.57736117 -0.57736117 
1 1 -1 0.57732844 0.57736117 -0.57736117 
-1 -1 -1 -0.57732844 -0.57736117 -0.57736117 
-1 1 -1 -0.5773721 0.57733935 -0.57733935 
-1 1 1 -0.57732844 0.57736117 0.57736117 
-1 -1 1 -0.5773721 -0.57733935 0.57733935 
-1 -1 1 -0.5773721 -0.57733935 0.57733935 
2.2790394 -0.3177534 -0.46430948 0.5773573 -0.57733625 -0.5773573 
1.0000002 -0.31775346 0.14822558 -0.57735723 -0.57733625 0.5773573 
1.0000002 -0.31775346 -0.46430942 -0.57735425 -0.5773425 -0.577354 
2.2790394 -0.3177534 0.14822552 0.5773543 -0.5773425 0.577354 
1.0000002 0.5667217 0.14822558 -0.57735425 0.5773425 0.577354 
2.2790394 0.5667217 0.14822552 0.5773573 0.57733625 0.5773573 
1.0000002 0.5667217 -0.46430942 -0.57735735 0.57733625 -0.5773573 
2.2790394 0.5667217 -0.46430948 0.57735425 0.57734257 -0.5773541 
1.0000002 -0.31775346 -0.46430942 -0.57735425 -0.5773425 -0.577354 
1.0000002 -0.31775346 -0.46430942 -0.57735425 -0.5773425 -0.577354 
1.0000002 -0.31775346 0.14822558 -0.57735723 -0.57733625 0.5773573
2.2790394 -0.3177534 0.14822552 0.5773543 -0.5773425 0.577354 
2.2790394 -0.3177534 -0.46430948 0.5773573 -0.57733625 -0.5773573 
2.2790394 -0.3177534 -0.46430948 0.5773573 -0.57733625 -0.5773573 
1.883056 0.0715661 1.0510465 -0.57733655 -0.5773572 0.5773572 
1.883056 0.2866342 0.14822543 -0.57733655 0.5773572 -0.5773572 
1.883056 0.0715661 0.14822543 -0.5773515 -0.57732344 -0.5773758 
1.883056 0.2866342 1.0510465 -0.5773515 0.57732344 0.5773758 
2.1510673 0.2866342 0.14822543 0.5773515 0.57732344 -0.5773758 
2.1510675 0.2866342 1.0510465 0.57733655 0.5773572 0.5773572 
2.1510673 0.07156611 0.14822543 0.57733655 -0.5773572 -0.5773572 
2.1510675 0.07156611 1.0510465 0.5773515 -0.57732344 0.5773758 
1.883056 0.0715661 0.14822543 -0.5773515 -0.57732344 -0.5773758 
1.883056 0.0715661 0.14822543 -0.5773515 -0.57732344 -0.5773758 
1.883056 0.2866342 0.14822543 -0.57733655 0.5773572 -0.5773572 
1.883056 0.2866342 1.0510465 -0.5773515 0.57732344 0.5773758 
1.883056 0.0715661 1.0510465 -0.57733655 -0.5773572 0.5773572 
1.883056 0.0715661 1.0510465 -0.57733655 -0.5773572 0.5773572 
0.74884474 0.35266563 0.75362587 -0.5773713 0.5773398 -0.5773397 
0.74884474 0.07506406 1.0542325 -0.5773713 -0.5773398 0.57733977 
0.74884474 0.3526656 1.0542325 -0.57736313 0.57734215 0.57734555 
0.74884474 0.07506409 0.7536258 -0.5773632 -0.5773422 -0.57734555 
1.9997493 0.07506412 1.0542324 0.57736313 -0.5773423 0.57734543 
1.9997493 0.07506415 0.75362575 0.5773713 -0.5773397 -0.5773398 
1.9997493 0.35266566 1.0542324 0.5773713 0.5773397 0.57733977 
1.9997493 0.3526657 0.7536258 0.57736313 0.5773423 -0.5773455 
0.74884474 0.3526656 1.0542325 -0.57736313 0.57734215 0.57734555 
0.74884474 0.3526656 1.0542325 -0.57736313 0.57734215 0.57734555 
0.74884474 0.07506406 1.0542325 -0.5773713 -0.5773398 0.57733977 
0.74884474 0.07506409 0.7536258 -0.5773632 -0.5773422 -0.57734555 
0.74884474 0.35266563 0.75362587 -0.5773713 0.5773398 -0.5773397 
0.74884474 0.35266563 0.75362587 -0.5773713 0.5773398 -0.5773397 